%YAML:1.0
---
# K: !!opencv-matrix
#    rows: 3
#    cols: 3
#    dt: d
#    data: [ 606.41476223 , 0., 311.03300396, 0.,
#        611.93043426, 288.17668753, 0., 0., 1. ]
# D: !!opencv-matrix
#    rows: 1
#    cols: 5
#    dt: d
#    data: [ 1.79658804e-03 , 7.33281648e-01,  
#           2.13883727e-02, -4.95707277e-03,
#          -2.83614168e+00 ]
# from the camera_info topic
K: !!opencv-matrix
   rows: 3
   cols: 3
   dt: d
   data: [ 615.0916748046875, 0., 316.1624450683594, 0.,
       615.08984375, 252.71939086914062, 0., 0., 1. ]

D: !!opencv-matrix
   rows: 1
   cols: 5
   dt: d
   data: [ 0,0,0,0,0]

# Camera matrix:
# [[606.41476223   0.         311.03300396]
#  [  0.         611.93043426 288.17668753]
#  [  0.           0.           1.        ]]

#  Distortion coefficient:
# [[-1.79658804e-03  7.33281648e-01  2.13883727e-02 -4.95707277e-03
#   -2.83614168e+00]]

#  Rotation Vectors:
# (array([[ 0.27498208],
#        [ 0.14917068],
#        [-1.62783992]]), array([[-0.25583835],
#        [-0.36532771],
#        [-1.57803106]]), array([[ 0.25428551],
#        [-0.39000949],
#        [-1.50392765]]), array([[-0.44951424],
#        [-0.56993554],
#        [-1.4963264 ]]), array([[-0.04375282],
#        [-0.01057364],
#        [-1.64106204]]), array([[-0.19714523],
#        [ 0.12735324],
#        [-1.69176237]]))

#  Translation Vectors:
# (array([[-1.954563  ],
#        [ 0.74006971],
#        [25.22923418]]), array([[-3.81947701],
#        [ 1.77469598],
#        [25.37384621]]), array([[-4.55830063],
#        [-0.3664199 ],
#        [23.2393151 ]]), array([[-4.81805938],
#        [ 0.85747775],
#        [25.70276781]]), array([[-0.65420353],
#        [ 1.17797905],
#        [22.69891483]]), array([[-3.74207396],
#        [ 0.71369646],
#        [25.87230614]]))