K: !!opencv-matrix
   rows: 3
   cols: 3
   dt: d
   data: [ 285.6942138671875, 0., 415.2373962402344, 0.,
       286.7650146484375, 396.7127990722656, 0., 0., 1. ]

D: !!opencv-matrix
   rows: 1
   cols: 5
   dt: d
   data: [ 0,0,0,0,0]